10
5.91352e12
sun0 rx 0 ry 0 vx 0 vy 0 mass 1.989e30
mercury180 -57.91e9 0 0 47.87e3 0.330e24
venus -108.2e9 0 0 35.0e3 4.87e24
venus135 -7.651e10 7.651e10 24748.7 24748.7 4.87e24
earth -149.6e9 0 0 29.8e3 5.97e24
earth90 0 149.6e9 29.8e3 0 5.97e24
mars -227.9e9 0 0 24.1e3 0.642e24
mars45 1.6115e11 1.6115e11 17041.3 -17041.3 0.642e24
jupiter -778.6e9 0 0 13.1e3 1898e24
jupiter0 778.6e9 0 0 -13.1e3 1898e24
saturn -1433.5e9 0 0 9.7e3 568e24
saturn315 1.01364e12 -1.01364e12 -6858.94 -6858.94 568e24
uranas -2872.5e9 0 0 6.8e3 86.8e24
uranas270 0 -2872.5e9 -6.8e3 0 86.8e24
neptune -4495.1e9 0 0 5.4e3 102e24
neptune225 -3.17852e12 -3.17852e12 -3818.38 3818.38 102e24
pluto -5906.4e9 0 0 4.7e3 0.0146e24
plutoE -7375.93e9 0 0 3.714e3 0.0146e24
plutoE135 -5.21557e12 5.21557e12 2626.19 2626.19 0.0146e24